8.840000	01.750	10.373	0.1658E-3
10.366000	01.749	10.486	0.1638E-3
11.702000	01.749	10.432	0.1635E-3
13.038000	01.749	10.420	0.1638E-3
14.373000	01.749	10.446	0.1645E-3
15.710000	01.748	10.424	0.1638E-3
17.046000	01.749	10.460	0.1638E-3
18.382000	01.748	10.394	0.1645E-3
19.718000	01.748	10.440	0.1638E-3
21.054000	01.748	10.434	0.1650E-3
22.390000	01.748	10.449	0.1635E-3
23.726000	01.748	10.414	0.1638E-3
25.062000	01.762	10.722	0.0880E-3
26.398000	01.801	11.388	0.0823E-3
27.734000	01.850	12.095	0.0823E-3
29.073000	01.896	12.723	0.0823E-3
30.413000	01.915	13.295	0.0823E-3
31.750000	01.931	13.890	0.0825E-3
33.089000	01.944	14.454	0.0830E-3
34.424000	01.955	14.915	0.0843E-3
35.757000	01.968	15.611	0.0848E-3
37.097000	01.978	16.157	0.0848E-3
38.655000	01.993	17.054	0.0855E-3
39.991000	02.010	17.912	0.0843E-3
41.327000	02.028	18.724	0.0843E-3
42.662000	02.044	19.565	0.0840E-3
44.001000	02.060	20.432	0.0838E-3
45.341000	02.076	21.276	0.0835E-3
46.681000	02.090	22.143	0.0838E-3
48.020000	02.105	22.885	0.0835E-3
49.357000	02.118	23.764	0.0835E-3
50.916000	02.132	24.705	0.0835E-3
52.254000	02.144	25.590	0.0828E-3
53.590000	02.156	26.396	0.0828E-3
54.928000	02.167	27.144	0.0828E-3
56.268000	02.178	27.953	0.0825E-3
57.608000	02.189	28.829	0.0828E-3
58.947000	02.200	29.689	0.0835E-3
60.287000	02.209	30.469	0.0825E-3
61.627000	02.220	31.294	0.0838E-3
62.966000	02.229	32.097	0.0825E-3
64.306000	02.238	32.919	0.0823E-3
65.645000	02.247	33.743	0.0840E-3
66.984000	02.256	34.467	0.0825E-3
68.322000	02.265	35.279	0.0825E-3
69.661000	02.273	36.081	0.0828E-3
71.000000	02.281	36.848	0.0840E-3
72.340000	02.289	37.634	0.0835E-3
73.679000	02.297	38.376	0.0840E-3
75.033000	02.305	39.177	0.0830E-3
76.371000	02.312	39.992	0.0838E-3
77.707000	02.319	40.873	0.0843E-3
79.046000	02.331	42.153	0.0830E-3
80.387000	02.343	43.461	0.0828E-3
81.726000	02.354	44.685	0.0825E-3
83.066000	02.365	45.863	0.0830E-3
84.407000	02.373	46.859	0.0825E-3
85.746000	02.382	47.761	0.0825E-3
87.086000	02.389	48.704	0.0823E-3
88.425000	02.396	49.549	0.0830E-3
89.763000	02.404	50.390	0.0828E-3
91.105000	02.410	51.089	0.0823E-3
92.441000	02.414	51.714	0.0823E-3
93.777000	02.420	52.399	0.0818E-3
95.113000	02.425	53.079	0.0855E-3
96.450000	02.431	54.058	0.0815E-3
97.789000	02.438	54.910	0.0815E-3
99.129000	02.444	55.696	0.0813E-3
100.469000	02.451	56.419	0.0813E-3
101.809000	02.455	57.117	0.0810E-3
103.149000	02.460	57.688	0.0815E-3
104.489000	02.464	58.229	0.0815E-3
105.829000	02.468	58.775	0.0813E-3
107.169000	02.485	60.614	0.0805E-3
108.508000	02.503	63.284	0.0803E-3
109.844000	02.517	65.536	0.0803E-3
111.180000	02.533	67.642	0.0800E-3
112.521000	02.545	69.639	0.0800E-3
113.882000	02.558	71.852	0.0803E-3
115.221000	02.573	74.001	0.0810E-3
116.561000	02.586	76.254	0.0803E-3
117.901000	02.601	78.484	0.0800E-3
119.245000	02.614	80.939	0.0803E-3
120.584000	02.628	83.511	0.0803E-3
121.952000	02.643	86.232	0.0805E-3
123.293000	02.657	88.901	0.0803E-3
124.631000	02.673	91.605	0.0803E-3
125.972000	02.687	94.402	0.0810E-3
127.313000	02.702	97.324	0.0810E-3
128.653000	02.725	100.283	0.0810E-3
129.993000	02.745	103.346	0.0810E-3
131.334000	02.768	106.441	0.0813E-3
132.673000	02.789	109.661	0.0813E-3
134.017000	02.805	112.872	0.0815E-3
135.357000	02.817	116.174	0.0818E-3
136.701000	02.828	119.605	0.0815E-3
138.072000	02.840	123.155	0.0815E-3
139.415000	02.851	126.702	0.0823E-3
140.752000	02.861	130.167	0.0825E-3
142.091000	02.874	133.775	0.0825E-3
143.432000	02.884	137.402	0.0835E-3
144.773000	02.897	141.169	0.0843E-3
146.113000	02.909	144.964	0.0835E-3
147.452000	02.923	148.764	0.0830E-3
148.790000	02.938	152.577	0.0835E-3
150.133000	02.951	156.340	0.0835E-3
151.477000	02.964	160.260	0.0835E-3
152.818000	02.979	164.182	0.0840E-3
154.159000	02.993	168.185	0.0835E-3
155.498000	03.007	172.094	0.0840E-3
156.838000	03.020	176.192	0.0840E-3
158.178000	03.033	180.255	0.0843E-3
159.518000	03.046	184.283	0.0843E-3
160.862000	03.059	188.493	0.0853E-3
162.202000	03.072	192.658	0.0865E-3
163.541000	03.086	196.927	0.0865E-3
164.882000	03.099	201.221	0.0855E-3
166.222000	03.112	205.475	0.0853E-3
167.566000	03.125	209.865	0.0860E-3
168.906000	03.137	214.303	0.0863E-3
170.246000	03.150	218.682	0.0863E-3
171.586000	03.162	223.141	0.0865E-3
172.925000	03.175	227.673	0.0865E-3
174.265000	03.188	232.252	0.0873E-3
175.606000	03.200	236.732	0.0873E-3
176.946000	03.212	241.256	0.0873E-3
178.285000	03.224	245.829	0.0875E-3
179.627000	03.236	250.511	0.0878E-3
180.966000	03.249	255.155	0.0880E-3
182.307000	03.260	259.807	0.0885E-3
183.647000	03.271	264.583	0.0885E-3
184.986000	03.284	269.383	0.0890E-3
186.327000	03.295	274.264	0.0898E-3
187.666000	03.308	279.089	0.0905E-3
189.006000	03.319	283.896	0.0913E-3
190.346000	03.330	288.810	0.0905E-3
191.686000	03.342	293.785	0.0903E-3
193.026000	03.353	298.785	0.0905E-3
194.366000	03.364	303.715	0.0910E-3
195.706000	03.376	308.676	0.0915E-3
197.047000	03.387	313.585	0.0915E-3
198.387000	03.398	318.629	0.0918E-3
199.726000	03.409	323.661	0.0923E-3
201.066000	03.419	328.771	0.0928E-3
202.407000	03.431	333.925	0.0940E-3
203.745000	03.441	339.055	0.0940E-3
205.087000	03.452	344.287	0.0940E-3
206.431000	03.463	349.405	0.0943E-3
207.771000	03.473	354.706	0.0943E-3
209.110000	03.485	359.981	0.0948E-3
210.452000	03.495	365.263	0.0953E-3
211.798000	03.505	370.603	0.0965E-3
213.140000	03.516	375.982	0.0960E-3
214.486000	03.526	381.323	0.0965E-3
215.829000	03.537	386.679	0.0973E-3
217.168000	03.547	392.148	0.0975E-3
218.508000	03.557	397.553	0.0980E-3
219.847000	03.568	402.948	0.0988E-3
221.187000	03.578	408.381	0.1000E-3
222.530000	03.587	413.718	0.1003E-3
223.870000	03.598	419.170	0.1010E-3
225.210000	03.607	424.677	0.1010E-3
226.550000	03.618	430.234	0.1010E-3
227.890000	03.627	435.817	0.1013E-3
229.230000	03.637	441.325	0.1025E-3
230.568000	03.647	446.919	0.1030E-3
231.908000	03.656	452.564	0.1038E-3
233.249000	03.666	458.150	0.1050E-3
234.589000	03.676	463.810	0.1053E-3
235.931000	03.685	469.440	0.1068E-3
237.270000	03.695	475.186	0.1075E-3
238.614000	03.705	480.857	0.1080E-3
239.954000	03.713	486.539	0.1085E-3
241.293000	03.723	492.196	0.1088E-3
242.633000	03.732	497.906	0.1090E-3
243.974000	03.741	503.745	0.1103E-3
245.313000	03.750	509.531	0.1110E-3
246.653000	03.759	515.268	0.1125E-3
247.993000	03.769	521.197	0.1130E-3
249.335000	03.778	527.034	0.1143E-3
250.675000	03.787	532.892	0.1168E-3
252.015000	03.797	538.677	0.1185E-3
253.353000	03.805	544.571	0.1180E-3
254.693000	03.814	550.478	0.1178E-3
256.033000	03.824	556.293	0.1203E-3
257.373000	03.833	562.202	0.1223E-3
258.713000	03.843	568.108	0.1238E-3
260.054000	03.852	574.114	0.1240E-3
261.397000	03.862	580.085	0.1260E-3
262.737000	03.871	586.034	0.1285E-3
264.082000	03.880	592.024	0.1323E-3
265.422000	03.893	598.007	0.1310E-3
266.762000	03.903	604.088	0.1335E-3
268.102000	03.912	610.218	0.1360E-3
269.443000	03.923	616.298	0.1378E-3
270.785000	03.932	622.431	0.1403E-3
272.129000	03.941	628.577	0.1405E-3
273.469000	03.951	634.686	0.1405E-3
274.809000	03.959	640.854	0.1450E-3
276.150000	03.968	646.950	0.1490E-3
277.489000	03.977	653.114	0.1498E-3
278.829000	03.985	659.281	0.1503E-3
280.168000	03.991	665.458	0.1525E-3
281.508000	03.999	671.674	0.1665E-3
282.847000	04.007	677.969	0.1783E-3
284.187000	04.009	684.178	0.1708E-3
285.528000	04.018	690.508	0.1593E-3
286.870000	04.028	696.698	0.1625E-3
288.212000	04.037	702.925	0.1635E-3
289.553000	04.047	709.223	0.1650E-3
290.893000	04.057	715.541	0.1648E-3
292.237000	04.065	721.455	0.1670E-3
293.578000	04.071	724.400	0.1665E-3
294.923000	04.078	727.003	0.1663E-3
296.266000	04.088	729.502	0.1665E-3
297.604000	04.088	732.126	0.1658E-3
298.950000	04.087	734.650	0.1658E-3
300.293000	04.103	737.195	0.1685E-3
301.635000	04.117	739.732	0.1663E-3
302.975000	04.123	742.292	0.1663E-3
304.317000	04.105	744.754	0.1748E-3
305.659000	04.128	747.306	0.1670E-3
307.000000	04.147	749.818	0.1745E-3
308.343000	04.155	752.316	0.1690E-3
309.683000	04.163	754.807	0.1663E-3
311.026000	04.172	757.355	0.1663E-3
312.367000	04.178	759.771	0.1663E-3
313.709000	04.186	762.335	0.1660E-3
315.050000	04.195	764.760	0.1663E-3
316.393000	04.201	767.236	0.1695E-3
317.733000	04.206	769.738	0.1675E-3
319.074000	04.210	772.181	0.1670E-3
320.415000	04.214	774.645	0.1670E-3
321.754000	04.219	777.141	0.1670E-3
323.095000	04.223	779.613	0.1670E-3
